2192.5995287987907
142.79095207203218
2374.2600713979214
3969.8633646492244
4189.210535082602
3266.111667551515
4538.977465887926
689.2316471100924
3969.563873775154
2824.488153267619
1509.2900886424216
2435.9361018750537
1623.092489015543
4045.090607184651
540.4372340336416
661.9577862500626
2837.986860761203
2403.9637165398312
995.3384356766649
3815.7686811613967
2025.5283576351824
3413.020935596469
2622.7190799481264
1984.7505602330473
306.793976702206
624.3981351161503
3095.875562613191
1143.6005759205752
3448.553289745564
3234.153541420042
2811.5023569110253
463.46259391644605
1636.93881930365
1351.8744158210338
4327.8806591369075
3524.2237270458286
1185.4786890855673
1343.5678201183575
2107.867359005941
1816.35926462124
2888.335530442853
652.2870778461776
424.50099910074147
1618.9033407708637
2750.107443543141
1154.2617513554742
3385.6771394741136
3196.569545278779
3250.301152668452
2417.87253428629
1039.2268365394468
4271.741006144833
2133.5973981616353
1198.6305925563734
4430.86600679974
2895.99341339903
956.2860263424977
1125.3928133724128
304.8639427470884
3171.010584968833
2264.754737831973
1811.36328642725
2860.9161641863184
750.1988584699043
2333.6757280243637
4558.002955833558
610.5841045508059
3689.998239736119
849.5395602372985
2410.7889025840796
912.8032316517881
3013.8386332972977
4789.4452381015
572.83438059482
3210.336679254755
1301.8790268259877
1015.5635540573899
4085.703738430237
4337.692824207015
1726.11840353805
782.4458207811036
3246.3232513911325
525.8997755004041
4213.1589990548355
4437.362100252389
3444.7109896490615
890.668292046039
4835.847074234805
1083.1069063225711
4979.319303001584
1257.8550123338355
4110.216772203354
868.2208231918414
4935.103727210849
153.77146093649597
4605.600835846271
1871.3333468660799
2394.0009186808834
667.7655805662291
3163.473834899515
4254.339319230535
88.32201092600023
2680.6384531425065
3064.533459468307
1473.3806710132974
104.63255079227297
4644.838466727235
1683.7256565782411
1857.1119777384104
3399.0173723882795
2701.009782112324
4529.3607702077325
3788.4868831233316
2694.1927721629568
2420.3539537115744
2075.1644747722394
4059.308286909914
794.7529268896225
4873.397956103023
1463.0545478662232
1706.046226447625
1478.9055856463578
4043.1415075321447
979.6255556845879
3780.932576612977
2903.3729804497975
1824.193162331932
1190.7739701606922
64.1009601224185
3892.7054028277757
4979.384829003834
2756.5873250098048
680.546149396516
1575.071918911376
461.4875473651842
2242.5678732336546
3949.938096511505
4573.667909575785
1450.0364091171202
3693.45816878237
1567.831044111499
4366.19412182785
1301.9007142427402
342.37777007223747
4393.566739135969
3484.4368195940388
1369.1238081321194
2590.6789973678246
4703.178644034787
2941.795991946953
1298.686020727688
312.87329971450174
4754.86218537267
2648.6792924693596
1996.2272893470013
4616.174409628323
1910.0828582385298
2604.001880269936
1909.4011559959472
1415.6522457830033
2355.1539615271777
4335.599458577226
1666.4121079056192
1573.6835992874321
3676.1199332543456
1403.1841406720669
391.42187234901706
4896.334524797183
1154.0427996229469
4774.5431626166755
4210.894824827953
2979.5011210641205
3668.295853120847
3538.999280329638
3563.581492449133
3754.083288632901
2522.224133294347
3731.7238524234663
931.7267603637002
3592.160409487187
338.54312409343055
3008.311892801965
4522.217639109773
1005.0829513626264
2411.102116296969
1531.1013464761063
1243.7732490474507
4289.589832683937
4545.146821770709
4707.035993080753
4049.905939667357
3959.506428027838
4469.974609496354
1351.4446360893944
4347.273114407395
4438.273391743391
3365.883000768094
1442.9271923417818
4705.164349888349
3281.5021033822977
4911.569377305356
881.6102694455668
544.2573609821194
148.94700278784035
1528.6491584284151
1566.354772917733
1831.4063220685744
1851.7320358467948
1176.714658893216
3666.066840158336
2062.108186089072
4063.3616155362447
3135.3689958832897
3176.0869894683774
1973.4274681073666
4701.993293071425
2698.922976779128
1722.6981333483081
4497.542040117941
3566.644738792649
2604.952173783528
2107.1189176373036
439.70397946624274
2541.451949942155
3319.671906926941
2264.9139990618382
1244.294745801572
569.7910678495799
11.090300183904112
2157.5758408952593
998.7851078618231
2644.023172796755
1155.1619768053695
2610.1033314040633
4517.79229347896
2256.8138214924775
2240.671226257977
2261.721534112188
1948.0626252156003
2116.42703244555
2965.331131446511
3606.456993872368
2840.087446218419
3441.0878933770755
2648.5915089709
1566.105067857388
4043.1952826263955
4816.451867887258
1325.9109631089589
3160.1945849732874
1098.3441699406221
2425.4166862361026
3134.74952616782
4615.875082187943
2026.4726397513416
4440.956445190187
4154.302617209274
2695.2247845071597
540.149836145114
3510.3524298356015
3818.9999600225756
108.29385007325443
2742.3969921663897
2553.1423236471196
2390.0543291255503
627.2714237170774
2318.9381437025636
545.3029314714464
1739.8506069352854
2920.4830221951393
4078.7667622637864
1568.6275619154637
2880.723757196153
3184.495801997426
4452.802521051826
2166.9548952024606
1252.6839807099605
368.43065380942676
221.54071455687873
3969.851946905194
4773.902782433531
4156.647058082435
3309.982470976368
619.5453057475142
53.282692696882684
4904.292336731088
4961.766174685172
268.34767209387155
3966.190510726479
1404.7712301687197
1984.302880069424
2301.5123916004054
1002.4429756289355
1709.0168194397843
1042.8507247487169
4484.403599121621
1409.890769693346
4213.511371685801
4173.848643303745
4433.057029990557
1177.4539564792115
887.3274109988582
4786.459324918942
2163.656768575027
2328.2204692589107
1818.0285003518143
3426.15563164368
3489.1465180252653
826.2279018858587
222.09093014205484
1485.3189789111216
2200.140225135401
4639.80530438194
4687.576007998699
3863.197931676756
2292.4906413189638
1149.859004218587
695.1050109332624
3301.2104718269056
4985.321381793925
1143.2475671313275
1397.7574950686112
4749.455104664424
3911.0231192852157
1089.3941064405471
3231.3347440426
2656.4298567456494
652.6584609400987
1262.545936551983
173.5003964955195
2516.338462666548
1754.4177250975583
4542.5968453948135
1373.63069438993
357.0004479187544
2437.2098703253546
4404.147431411325
434.776368702115
106.25850726448893
1514.1724202652424
686.484104067932
844.9595349694611
3935.916097047715
1419.8249830308418
3226.415901868787
927.0989045279399
4749.614875470245
1841.7903175422284
1331.4196424739328
3205.1765436387714
2954.698335892337
175.4491305315653
1372.2943021798762
2268.8303006588517
1537.9901560355374
1909.5913709090473
482.5423448480426
2059.3750397349477
4251.5465598149785
4095.0735504129802
1465.9451577300754
2997.32930119051
1406.8279149199082
248.68334557556105
2534.3134685057685
1524.8396603682756
1374.3646923240499
400.8618684864229
424.14911346624785
4445.96979100955
3390.877671489161
508.6261530087377
1773.9617104140004
2913.6384414974536
3686.944287533601
1123.983298065928
383.2432575589345
1034.062719441905
2265.6863073864192
1033.3179921747749
2119.60969451883
1837.8824290290358
1886.585312680943
2564.685887039266
4792.37921912188
3801.711814116457
3938.418835911642
1397.6368977119541
2268.8603606006172
4194.685363606363
2921.4368400462135
4.138542632520781
473.8850807550926
1271.6347066999251
2201.2887961628576
299.36699304031146
2683.6276400119546
737.8540642287512
3545.8371395294
2687.5747547191163
2701.508683299067
2969.9810362795643
1710.8797469117253
450.94286286000596
2086.9899363219743
1193.341570078446
3001.9370031035533
348.2693925287272
1597.3268478542175
2188.1774011631333
3306.638981283449
2365.540635239309
2397.848970830397
125.49295789097137
1565.8846375597218
3791.8783291102172
4398.100141362812
817.8326992765677
4031.8248999607613
182.04967203183486
2279.1756774715186
3011.116453039917
2946.8556214861997
3310.6739447846835
4391.85372474684
340.73272210043416
470.18957376393
3923.4541656290976
725.6227640922053
2228.410384971133
4777.208013784062
4947.20637570146
3575.4681939829475
4305.956983532055
261.67700200392994
3833.1570134189833
3366.287151993098
3917.7771522941857
2682.044582292566
876.9219568583286
2334.0583081517484
3876.147952465993
2910.419230760081
3683.7765718078304
408.4020224758345
2921.555903006007
4666.462426090907
1429.2719667013405
692.9237011071809
4274.964441133975
2248.3102041799534
1202.9481023831695
1397.7405274454734
4259.704685372685
3808.772295326017
2516.8390620990867
1942.850923666418
1217.75091987178
4167.440369769597
10.660549327712321
3221.5118986393145
848.4636631855968
3497.9682919148463
3492.0172302687342
689.5492365853745
2657.45231243289
4484.672246048031
3712.6603489029258
4029.5319007726007
3419.030560699775
703.729249142434
1700.7727582073674
3628.000730566112
2427.8077934028756
3051.6377756127804
4044.4534689063394
1999.4482514135714
4843.279670200394
4017.233255815153
1253.0195502614595
2592.5061877328103
3615.852732052376
1473.4398699116475
1210.4368201273674
4121.802245073211
2323.555252229122
4451.065989691108
4779.1394608847595
683.2083411567929
745.761447365877
3049.338857008828
812.6899769354761
1430.7085081737553
2153.571145703983
3236.5050336522154
3192.1790733193807
3519.8729410388855
1106.0616694705916
4798.70433874249
3013.959578371276
3355.9331910587302
3007.447380711561
2106.4608765928465
4725.253330480043
3923.709619405735
1802.2513232929766
2685.5152174715836
829.3658195053499
122.1527099731029
4963.915871975516
2802.3555431437676
763.6885291104401
4578.01381874512
366.8496100013835
2404.688138038689
691.3640377347358
3371.1738294640527
2722.724681928634
3793.2207835520558
2241.435195250409
4468.41032357369
3008.9140823965577
4343.51513074282
4682.492256645109
1432.8965648315889
2720.274458761409
3445.296581571217
1621.282271748668
1153.4803681672922
835.0529703465631
2581.4936439283047
80.43437660020969
1920.800210791802
101.51590507502695
130.41165091184303
1728.4038436649612
2166.553045711849
623.966575843331
4041.8274795565994
3109.9328921716897
577.7358013741973
2755.142068776265
1011.4264173367393
3956.7690499854307
99.44273133463687
2986.547031030298
157.88267718391202
46.08019227159643
1547.8040033643038
869.1038275544305
2493.021088273418
4617.948158381468
2168.913803067458
1993.56863690351
4667.877120481814
63.52064672001389
500.100966002055
1713.4827683597964
1576.1079286704799
4451.84370054944
1316.652920338341
1603.0000504395136
2401.087203918577
476.09480753717406
3280.1136996974233
607.7500939939717
3604.151872339807
2568.8802036550906
2143.5316714122905
468.9684889427498
168.85096703773416
1261.4565503351428
4014.544339977059
279.4446778974796
3139.677581682705
2343.1817506961283
1228.9395141015964
2964.4089702522137
2123.6509966987255
2015.1946703629037
2845.3472163562997
2071.3005756256152
959.2468987774072
3026.2702720074562
2635.968517314611
499.42819880654076
3199.5560204283775
728.990019350273
4718.757672568384
3703.8556612346383
1405.1861045776743
2100.8145085277115
653.2326217312278
3467.4155574137503
497.30385794872376
37.33966045156689
1905.0950304761866
4550.572479380338
582.3452528192769
4643.962362787056
3074.099835183035
400.93137351834173
3727.307820526675
2827.379313698957
4175.121140042824
632.5019010168353
2138.1702247298867
2219.785572406502
4564.121384877968
2169.404733547467
2073.865090138813
356.33486146129377
1808.7347842709867
2789.522647901523
3614.3692868514336
70.37132196676899
917.4376949106522
300.6714984166114
1093.8512915122833
2271.1346706060604
2861.784089292483
2735.1857464249833
2608.45528235818
2625.088349679546
1252.9421192073298
4758.3835644307
4513.1801243111995
4174.713836136371
2366.7775437939918
2952.1967897072627
3233.4439343279737
3597.5615314198008
1450.9846452794218
2757.3216990417113
2034.3114117127452
4633.541618712942
2393.275889719212
2635.566446836767
4613.99032267251
3189.8853670255457
3381.3969832223765
1448.641691847098
518.0869914359515
4770.9028455568
3143.744557110835
3140.460496318324
4407.245540553078
1173.6064398688816
723.6183123545231
3557.086038531387
2153.176501615721
4840.465925500092
1510.649538331878
2641.7812754698766
1586.7124999966693
867.0083665956846
3429.7055213712592
1302.1927235275232
4476.414909023769
3424.6664222885133
4770.576262771094
962.5109660176117
3977.383972873127
278.2288237500136
4131.007698697041
185.53119568483046
3357.3116341077875
1152.439991742688
3341.1550005713416
1777.848272352845
2280.444481904318
2933.7398957535165
1039.2859149427825
475.99766151372125
1310.0137536498369
2080.833962158162
2776.5714251630757
652.1702165520699
3575.8144712531202
2161.7239759120416
3143.060922624659
475.2007216166015
4746.004066837862
2135.0299851939412
1427.4452298424662
3615.849675300925
3540.82220841224
3849.8759061261694
4749.968362188694
1894.9686180583142
30.814978182303054
251.30826597500933
1440.8583711556512
2238.959749524132
2873.2809901238575
3947.1622086204666
2675.90398773844
3929.009304550109
4458.039914394281
4117.484868336202
2026.3122207970569
2408.897491760212
4657.254459094023
3229.069846254622
631.7395073384952
3850.7544954417563
4503.923414921837
3655.354280313507
163.39739670454324
268.9561076791724
659.7917393050251
3095.8738373622414
1608.3906199685866
3219.419017154501
4975.8110544671645
1639.6660163482295
176.95514527738766
24.879386127773518
796.9126262393411
2423.4577635552896
311.0180302655002
26.307176843035627
3917.7405979516257
2098.1699372546154
4855.51371012374
4576.4276603650815
1257.1247260829227
1736.2149690709277
3943.143507415306
3363.3963170791703
4386.454912952161
3387.2584311170085
2038.779043551292
1180.9869314574446
3020.7531154975336
2221.565048892293
891.4614340570365
3446.2300536563657
461.11956744488424
4087.738310774887
1849.9624393910385
606.2533994749352
3763.365347352486
3355.6145790599458
3112.1270547435042
1073.1511045374752
1100.024185016259
1115.263514041203
998.7255982078485
4479.023655100988
2381.570176084201
4159.494115955237
4269.30406774169
1852.906691332592
1707.5504481247583
689.9598604375257
1830.524697659356
1787.1217714688937
1629.4749514894224
4355.903062928432
1926.7507208087159
1782.6559370416317
4524.687944988862
4059.772317292072
48.134612356241504
1741.4955977465356
604.0796448385644
2945.3930526954146
3343.227091978754
2008.4116081491704
206.3773606701269
1122.0673328357277
1281.1344462034658
1455.5117433966052
67.89063072278334
2971.9216301403576
672.50454138911
1849.9473756926277
4198.965001894904
1338.0205028776281
2929.136303886509
3148.4825604620537
4847.0350569947905
2497.20647416622
2618.758413306025
422.2014905280869
2781.047150355067
2584.321271878632
3954.53708612475
1830.454501045296
3793.156579284091
3053.413247082064
848.1250116313226
3435.2082336793633
4880.987451720345
4836.725121268769
1550.5761666786234
675.2906730432096
4047.374223769252
3093.7063043407024
707.205008384637
3004.588521282348
2034.3883310471479
1829.9866222076323
4860.479369032034
2539.077083065137
2594.5860115046526
210.1949433336925
2049.2927810733313
4554.630913251531
94.79580476744798
88.70123518350037
2173.4699028153964
2330.886246412705
4346.396910063047
2138.805280873983
2219.1157383428804
1145.99414441041
2560.9223679800166
973.5909100307726
4273.429918893334
1192.9264237028765
2240.9550182184576
2820.6107733493623
4496.861378933409
1810.0624644655893
1633.6654273295226
2637.761033485389
2865.989953168234
4697.110871818197
1097.9743945907621
1039.150239831188
1552.2762550938385
1721.9848683133782
4366.205622919654
37.46351708750484
4259.831892427555
3515.07525700695
3217.2276536655127
403.26688640931195
4709.617006918061
3294.430285369643
2520.4643349380394
2391.893758815586
4727.983216573814
1268.677580564277
4958.789608583873
694.9979743486323
1074.2339507171716
3524.0885055601407
993.2024460120259
3736.556308514116
224.88595264388567
518.0090256872971
4793.311545090456
1852.0471029691637
1821.5701073541052
4172.949767478829
925.0419274001792
3464.7268587403673
4385.0204418894145
4093.948921095288
4560.60938043778
3104.371096777947
1199.355371343752
2616.3924510752736
4855.689973105684
1.5452048279007702
4978.865604438548
232.2942789176302
1924.845552405461
1034.4101522463218
2043.7779988397297
2440.112433677996
2538.649224420357
2005.2681741496765
251.97651061593663
1216.4952025425268
3264.586886404466
1580.49647476345
4860.414195645086
4117.92254588649
2278.6935482151284
2740.2138528700625
2822.96224729281
1486.0277767691844
2486.0183975832665
2252.9680867557468
3770.6978716093818
2352.456021414897
3905.3906390586367
4515.930096229239
66.14164734153161
2417.43495364551
2497.5961327229866
2082.523596296656
3874.7104857326863
2910.803606765839
745.9542239881429
1337.1168252570515
1154.6631860747937
2235.0675306217545
2334.418301033211
3070.3455385189986
831.0727875685902
3037.115430849705
4210.705761657004
4158.834015625616
2189.864787351612
758.5559951724624
4170.597463359439
3159.5253596924204
4704.721396731914
774.2009884652729
854.4268128080868
4391.526483412556
2092.6598059773787
4944.044550206214
707.9143327654441
1997.321120798135
1383.3472949845577
4776.154873236973
3026.884320730249
2550.3969637022506
3182.7269779897983
2426.2183551858325
4679.034205115095
2007.7790160596364
1113.2832332715675
2444.0437373401637
475.8093453479101
193.65862404986612
1621.2870664321804
1518.156228601102
3453.5685470207372
3544.249373479647
4955.615153777022
466.68155481617515
1515.610558278272
4544.19847148265
4143.247309714283
2376.038021324457
2985.2607108730454
4141.329387681956
1213.3043686014948
3098.528256026552
3625.1039738287914
1439.1815657174739
3754.4946492757326
285.7406573780996
1588.5797571826577
3135.76373639617
130.09779305196588
4756.740188405669
4587.539962499129
3502.1298442019715
3320.1192534341544
3278.351641861078
283.0013912013951
4175.832685927901
1412.0097341433768
4769.404528081812
1536.2090592130862
1682.0044658298882
2219.3492768801366
2531.6325051957742
2693.2583176727585
4388.761779931764
372.1550282472125
3356.989487540068
1518.9070540512228
4553.823802557361
2492.9785589656663
264.46340488101237
3743.8414421181865
225.68156198971178
4749.716395186945
4179.041512574548
3444.5423305728627
1025.3486307268433
2159.067790466245
1081.2997520364142
2636.0322481049147
1253.6706440011058
503.8256164512045
28.159041276196728
2525.1641141059386
3344.3655709912177
4622.701857791686
3973.6723446955352
1845.748561212886
4414.411949244484
1133.1406225135654
4503.276439742412
4576.695675427587
3551.0990247932004
4355.582217945177
3435.762210408534
130.48443892847706
2518.9943617832178
1321.8999968278488
3744.2878735192403
3791.6513384784384
2770.2854502603027
271.2378700223766
4401.081155824164
3783.625614871532
1998.3906914092092
1963.2354541188129
3560.042904070127
3847.120480716756
3987.437282491129
4471.635303919144
1957.290529663453
1624.4215718595983
1179.142285898781
4860.524135813259
3531.744575110368
3461.2983060779366
203.83246450873472
290.9681235661565
3046.186551798743
461.89541144553203
1603.7841427542305
1657.5610194611102
923.781889859947
3761.845200788124
1114.7561860516726
4812.408401739632
3605.887434312375
4020.9736002607433
1165.5382072490938
2798.3345143372762
3484.0277048242333
1079.3566499187202
2705.52949262684
2283.6005010193167
862.2500139493394
4569.115605960264
4076.8091932383377
3567.1843107280724
1465.6329353268354
29.22332700926622
409.8549010205482
1106.679157172647
1726.54929644593
2731.7252423315895
3941.0120664147275
510.1243688284923
452.34880620924287
2995.164042450641
2725.009101584859
3328.5925222833303
4506.451053587419
2234.625785273129
2447.2639991035794
2788.1114931115026
2819.4076331396313
3377.7127648308697
3428.416348015574
1807.5115541213195
2387.309644130993
2561.878034248115
2457.471165622937
4263.041148749871
1911.9950972912436
1220.9392344387481
1790.1312365815263
1481.107380395012
3390.8208641708325
3767.2252808178537
505.34136190913017
3367.2511522162085
4273.34297146371
1080.6872516010935
1425.764587280267
2412.4770185542616
2768.063376438995
3927.4438745724315
4976.854345803795
4057.3152279178603
1504.4751486490104
3247.6086316798082
4684.381613167521
3539.500085613406
33.95699674995978
975.8824912459901
2491.7218875306744
2402.907919809098
4587.637682001883
688.2776917155359
715.9046374723077
2303.4061708577565
4100.172467416675
1904.4703207037012
1255.3661857557263
4611.520204881135
4755.444234353158
317.66362724473976
1612.5518916779763
1582.3354686498437
1213.5202880408185
3572.47552870112
1400.9504641511085
3539.8094208878883
1237.7681305135714
3466.245830541497
2268.842754283001
1605.6729029924015
1656.8532707579986
610.2961845069088
3590.992676283644
1992.36363751897
2468.4118517129828
1655.0500676043873
854.7010751805012
774.9374097418261
2419.51184320385
2156.563331908967
3398.0914771354696
2358.661885456557
3583.58646927416
41.88896326493663
3046.1883982335394
567.0082845097107
4294.344270337227
416.83917800593105
234.29877909163287
3389.010335274715
4294.230329497042
2152.087729223146
4408.397423133564
945.468585765567
3108.3325692728936
282.1895185105244
848.6672683913821
1160.238858102982
2464.1999711403523
756.9751198665747
1575.0371838429166
3955.8473894196245
1043.8559529837999
495.91445430091807
3662.50656657857
2531.9351915392317
4976.364263857155
1013.4224505765682
4119.2423336184465
4430.54270979106
257.622614278229
3106.715884647232
1461.8771952588743
644.0008074575148
3718.6312099453926
3227.7107751368117
260.1353689610253
2979.205579388949
2254.3012016241787
4196.584527997717
1216.8550973766728
3256.3088716926545
771.941936795818
3857.00820013102
799.6755608454237
2690.3668416409714
2721.883133502383
121.68804774271457
1047.097400688311
981.2452257505239
3132.2597205235174
4611.738513279149
1934.3248039327577
2220.0878568023136
2785.8075126422696
4754.540165367403
603.2407237813775
3709.913935365788
3548.5875623370416
772.1214272182802
3836.0610601290064
4193.41604188045
3888.878706488072
4465.732748193338
2383.6627475696287
4782.788894849573
309.0449520991073
1082.1672175524227
3147.270911043421
4094.427823165667
4754.009882618424
3833.512952041096
2756.139656464785
3705.592100726286
57.03454666511287
2834.405944918646
3784.054317149023
1070.6378732933354
136.82111260342523
1319.4849100695271
2703.929240832257
4461.180716901382
3969.5305522934555
2008.6323635131648
1692.4694846674176
3327.55888780843
2325.1257428044405
398.71875592906395
4565.811408115272
2718.2232840889824
3879.520321024848
4577.9493507809175
452.2516457852743
2039.1898418357368
2592.3345769232105
2882.547478312994
2289.618241167324
1487.446711453418
1174.6293484497894
1345.388390261923
872.5365962040449
3950.216870067529
1061.8101904481086
2422.3327931693025
3968.7830787503585
1026.2354835277727
2553.9624866129993
4924.3910971379755
3974.119256604483
4095.7065360644015
4689.202002138315
2432.4818345085987
1681.4416880611789
42.36460860479352
2975.1907026571926
3726.431547818745
3002.7794058791337
1314.0726911017102
4319.7934168653655
3920.995440288806
4901.615414025411
1497.6459907768103
2373.9163087137254
4069.060758154739
1368.2052624962998
479.09910999599845
3027.8925962754165
4965.829275518578
2.008518404760795
2562.2718752354926
3987.3475210114984
2767.654971514244
4653.047397124781
1626.7977257864436
4195.298283350391
4825.34972390011
4617.950003238825
4520.634117685518
3364.3126287555465
3824.148766035574
1086.6316039732167
2402.88535851087
4035.870784468136
1921.1642627843007
1892.0123179317006
4679.403039241686
3393.6462326215255
4076.034158004007
1127.8657099178308
1506.6590952274855
4523.240615373945
1181.6099291395515
868.8372817575663
3578.6445804106484
1932.978168693648
3918.9074929756966
3051.867719526633
2057.051614647051
3928.6859949977425
2484.178510972978
559.7006152670964
2056.7594037680838
4869.956646369711
465.84407225214505
2684.8496417544948
56.64784287245317
3426.20912307901
3185.1616621233907
1446.3466417146715
3970.022919702805
3697.936327819474
1756.8839827081601
1681.7859237861837
4379.445090427147
4471.844474443394
3974.796474762868
4443.624738252778
1617.5096985741145
2938.163734336798
1881.9074011962416
4991.399757467607
958.136231677198
2914.228040064681
3546.1925096050063
3590.4571236096845
2172.181429918407
3990.4896268376115
3130.183996370317
4402.996966113287
96.69833759870794
2043.4613810554797
3816.3221220082687
4988.6717599180765
4668.921780292633
3244.6409321086485
2529.8742893698386
1319.679060749699
2084.0682228934074
3035.29961198476
3687.354823202203
759.2292476055773
3350.2969751144938
3534.0830914047965
1390.767037413614
3152.4678930444034
2534.684673448095
2497.695130755934
586.6168815255924
3035.376708703863
4420.826014880513
4264.503577607773
2713.5326251598635
3979.8709235303054
131.6803425097085
3076.729303434612
273.45880280237265
4262.258692327313
4510.539462880588
1798.948835901376
2578.772914350268
1367.4208362265756
698.504012894307
4328.961946855821
1651.3088772592255
1322.517091849504
398.60955995015377
2931.6447608766603
2879.150926608687
2491.7184065068473
2774.753494139819
2317.230929158537
4573.198002560991
2257.410889839464
797.8319817359825
532.5326297461825
4007.87920803748
3963.51239056914
1122.0016773130703
2636.9325878940986
4879.0334115742735
602.9876830330854
2250.741658740622
1694.5519829380635
2366.8506602640387
994.3447100587694
835.3966496803266
2829.8141310163555
2152.904987066351
3610.836872079036
2438.142117804726
4965.700620862569
3807.6902767985316
2801.295333498038
986.8167900770097
1392.3098752401065
1938.7045859174857
1872.9574741629544
450.8312495800237
4497.90473549098
369.01160660837706
2394.355165326874
2975.361933450348
1835.4520772937487
402.3388140511919
4120.270331490564
4825.304264503779
194.72826520528065
3923.157389598824
140.96085992048313
10.96290376803033
1503.3873557359334
678.8185431340899
2214.306965928321
1394.2144694004144
4189.954305293902
1595.7070310651561
1752.2202811700965
406.88957244404855
1107.5310607369704
1392.5037103518434
2601.6059331164174
4252.373782061123
239.06971146171685
4071.030471564619
2585.3622642225673
3606.9392571870635
2183.3895091605855
4088.7874746237762
1750.3474734895674
4389.074249226525
3855.6833072908503
4147.171305538097
1406.9397352410301
4123.086251721813
927.0816600358212
2565.4986803445927
4338.759064406795
1787.5115540005909
2274.9093173082097
4153.340157992854
3011.319659517856
4809.3741150244105
3118.593090734019
3342.305174646789
4214.82129246827
3042.0910703157324
4575.747963965339
2093.297708056385
338.9883895143747
2147.832516350406
1088.7901609032658
2756.398829170216
4396.806836484922
2794.4003189508403
3544.493397323286
2627.9121312559046
2989.206665469568
2472.1983647984225
4937.229720419759
2422.7436574923922
3634.1830605130526
3538.624694684743
2111.200858495174
260.16815141222895
271.54280289929613
4305.223503975975
1457.7919131323392
1047.1677674473324
3298.409703568086
4597.192591513958
3441.244251467557
3335.9122877380737
3190.817313799883
3235.350972937357
479.16975627899984
1830.5813217974348
4623.1626497174075
2317.427279804955
13.995018524864399
3723.613834962407
1009.9892467640659
2008.5389474634674
4577.245915825176
952.6009857158757
2563.5154514309506
4789.988942847881
3270.654425220586
3286.422921068321
4285.515220396046
4761.015741210856
4366.387340117465
3872.8621032214915
3793.6091801075454
639.8877657077478
1663.2692187969371
4509.807601904758
2519.713409637509
568.7458376166338
2826.6904445296555
2438.300831910024
2612.3432079782665
2690.8483918490874
1186.9631012727762
3898.0507784660017
824.6628260919986
2739.3888047175114
3374.2065036663516
2034.6858762488828
4776.616116947377
3553.8078697758656
3727.414837918278
3002.8872197186533
1242.1701892124204
1522.5319950921746
2631.180055559781
4270.682756584468
531.6499718714717
1440.329081543311
4805.613467932292
3197.5653138189846
614.3335745990569
4163.978100774306
103.32941563150733
1932.730365887899
4357.928010654164
751.708310863456
3551.9237104679564
1559.6094720107562
3149.2366636419038
2479.87029073771
3221.2037067294837
4199.012341606276
204.27723777049377
3244.5615131113564
3991.490877982503
1475.569707944448
2076.3032650424425
4376.433355844723
2452.6442736663666
1350.8037869562718
2226.6277989906534
1823.6675351718623
2973.0173842284657
2831.0362166060295
1035.8437345273742
1991.1152652400215
2443.3843297759677
4469.474192646547
2301.9793945713836
262.8519906171256
1322.942729312508
2899.201489535604
2097.324490658474
380.9077453455095
1392.8163057886134
1857.4295148044916
1837.1063479143434
3404.69082046569
1057.0569257236168
291.25147856145173
3550.89169425753
1933.6295776332447
2121.9595191964722
171.27176414926893
1641.5335613636544
3639.817282266243
2731.5795830330226
581.8657742794963
1866.6812206730938
2927.95081655016
4540.658491226399
4505.46111109634
4884.312405691611
716.6109134691462
3265.735471984344
3473.1099133785483
3466.444986579644
4917.942927623133
471.0434492571647
2914.7581540302904
4404.130376819593
3182.0516530352684
817.8576308363245
2609.9989987303925
3202.0253507539555
4867.932488324619
3034.2844221328096
2113.7296790504906
1892.2839761051048
1004.5199396723281
4547.0504365515
411.01585810377594
2685.2094014056975
4213.441849852573
4057.670056427059
2341.5987994289835
2718.0462263032746
179.32362371538056
3342.441803795102
1526.8637077323249
2863.493545655465
3273.99823945389
4209.042151328595
630.7209031870719
1415.9612970188973
1367.7327718119725
3852.058014671728
4790.734646697404
1486.2898784611416
3693.5901938438146
1815.6176735014863
2966.965142190013
4104.596124388317
870.3050268208495
4393.350826451817
4773.375699242379
2356.106273954805
2834.5559698473094
2574.229137831858
2080.2853126049754
356.28079100206935
3485.2808511982957
2577.4085348232156
306.233991749611
4509.230074616263
300.6817424806535
3610.0144821157496
3853.759003304905
3287.369003670827
3052.831204522291
728.882986852773
3585.9611051160327
720.4480290505733
3015.293752311508
1590.5884764392335
1589.3779307408922
2888.550025263603
2735.938436291768
4433.662693824212
4723.558301017319
976.3327635775793
1530.1234416615312
852.7257894773671
3618.869119176618
3864.74306294464
3338.69201332859
796.323926378506
2851.445456764225
2811.6278051014565
1490.7285866497793
3748.587193669505
997.8304781068509
504.1049847502116
4212.779304125979
4239.390351904962
1151.7321662385793
1653.2615522270112
434.2500979403291
1668.5218254652689
3271.4585358555164
2345.683447165933
2552.9543433226336
3926.4344749666247
4418.974176888587
566.5221748378312
1345.2871619162327
1447.4739651135544
1550.1542281081804
665.2466409219481
3132.2644633701234
3141.048721246295
4020.6965632502875
47.92417437914531
645.6705814077518
3112.0277364766152
4383.282823993853
2048.8197632627225
1777.8161146979726
2203.721102177421
1368.9633424548597
4759.298622313401
4543.917024949894
1175.1201657454635
3169.3741492412687
1573.4609512778352
2137.8621083769235
2758.643412504843
2266.2761615343848
347.6366541514292
3920.1444534791176
2935.4538761231556
91.04019485292936
4364.806672791795
1540.9908202738104
2512.486339146128
739.0829913315799
4745.22043444847
4172.229831569406
3488.64071416897
2812.8944454298176
550.91875060572
2998.1980633295284
757.1696943687806
2222.1772589048337
4594.5689722466595
2698.991292015638
3407.1078456403634
1430.7525115345709
4881.9640224172945
1648.6244393805916
1258.6615183547194
2207.2706256611345
3692.7334121351855
2946.1750785534796
1295.7968342147608
4410.395531752494
3535.257061325394
199.73757330417897
343.83564252472075
2719.017496175338
1599.4714528367904
191.02939827082332
4680.687799721596
1504.1779777478641
1875.1991571670762
4162.742376183281
4267.420005830999
231.77658834382996
1803.8324265008814
491.2453967413011
3937.1798025660205
2883.7614397336065
3187.6421582010835
3933.9985540073267
1191.0662467131922
4890.3865694968545
93.68354742870066
474.04757369940097
215.35705503019142
4977.254125753759
4658.210708661668
2023.228471352011
4356.572229626591
2148.2404558181993
22.71076330885913
1891.2135915173967
4569.175943182561
4749.039477589037
3114.1131580775354
4979.295592382069
4285.288736643017
4185.9382011352145
3619.4225197674173
1115.8068001320032
1746.5994425959514
410.5731523971878
4298.972479958433
814.3349322401
4085.7413497338384
4723.798633402069
1732.6900575753334
6.399903311938848
3347.713501822879
2800.4307670700464
700.2078110203091
3977.0164489703275
3201.499238523295
2091.5136294591853
4658.354304203886
814.5739467310864
1307.856335418589
2921.887777834473
4198.499922955427
1175.7238148687904
1181.3210223048127
1668.2232649530908
4941.431004667062
4061.471388014546
3912.7895007660895
2376.3116196520073
1058.868667468048
2602.4281190514384
4303.6107249601055
56.29598483959608
498.44523367567064
4559.186348888097
2802.9452395194303
4680.648781795987
3032.897084939491
4358.0391263961355
4137.213358274404
4602.092419595833
2454.426300742857
2002.772038944161
673.7789206666267
1707.2869069081048
4591.6306272251
4130.015023007466
3370.582220965003
3126.9961847589125
3339.095047082521
3808.6476688438083
629.2588681071792
734.5735840847456
2558.6847320837246
3423.011000933251
491.3491998029429
4981.991518262533
2536.7739126409588
4125.184730709203
4395.524905690104
3846.2738231931403
663.0903545822281
893.3490651449044
1148.3289307991934
789.0699383492988
2134.551362321333
4191.255447813765
2851.7460772151676
2668.2458320580104
2781.4104322053086
2588.0903468330953
277.98881464031587
4482.746186312024
2563.232279087057
468.5235320947645
3585.209805665823
2680.617940535508
4888.656404725419
1139.489586568929
327.4143659875778
2514.966046623702
3675.605056186939
3223.259120273044
1427.6734334642777
2593.7469264144815
1987.538845897236
2215.6154928208193
2155.804312263166
1336.6857499158764
3156.556437394625
4483.458287874922
4180.008210095914
526.2393578160635
2535.5802476973063
2777.9154845372605
1446.5227981220226
519.405812135425
409.5669609206709
547.0499432635334
1982.1691648379897
4973.317808906449
4139.624349449421
1946.5092310908344
4711.743222991646
129.9387545691527
314.11533642784593
466.9695696520898
35.52022313468461
4803.811291166772
537.2699407976505
1523.988417959468
221.71341481127206
2221.6940423539504
2498.5262871886353
3188.8820584127766
634.5469240192392
3774.0533589097845
1134.764238672748
4478.508008257056
440.6732028328103
2555.7592763799953
3022.790671103294
2267.335299575034
1714.987028447819
1296.96846063303
620.8832084203042
936.946987282995
3801.4562905362072
4915.060938951831
1615.8899166729134
3336.1242768824504
375.411785727785
2454.6265303782534
2426.333146925403
2488.9217367872902
4900.80790130356
1624.8845104257714
3862.156754142601
758.6487861652247
1079.2869185592042
1492.548588608012
1048.2031703292366
1852.4326710768757
3447.4482725124044
143.0355063020261
3981.2023780111904
1134.044114615494
4494.547099700671
4284.044725126631
4508.999385146656
1201.9251582443492
3544.914551026675
1832.9237479344913
95.94168584645291
2584.867687963779
4177.713018031162
1502.8633965074723
4469.794743969754
3709.546513484758
1141.2113520102946
282.84999489791574
133.2483314770505
2.1217309489984792
4559.58305613256
492.437098591042
2767.0215275174537
4100.380050528723
3727.3021242599434
2784.778630532785
2751.7697846369983
2673.394016757718
4939.531992672944
70.00167013529013
4392.442354114261
272.43712134078004
2616.4717702464873
4835.875714972151
3941.4351409622413
1969.8967135722046
445.44565972432173
3753.8734313658438
3185.826993634261
4282.18935945701
4386.591732739034
3776.094569801741
1189.1852411157727
3018.186409731318
2166.3246015942527
3152.1638349462237
2759.8690616012855
2246.4205297418403
4317.320268628189
3925.090183061409
3355.4575821705785
532.3447668502596
4914.587788720521
4501.213560688708
1426.8719193909985
3961.181950824492
904.2667748895894
1831.7430713702647
655.9571073958475
232.40232360968616
2325.106341217344
2592.027035377492
1146.7365523742046
4288.6301851898315
1782.153818626845
1499.575042723521
393.2432341602743
3524.786128905987
248.00081156677922
2572.9886757254694
1765.7815342581107
4612.529212297651
2639.00592239951
701.3360438801708
332.6655844552967
4370.572199704216
642.230453674803
1367.1421711123915
3065.9268436364528
3913.1993187309054
1953.398570510677
746.0462122701972
2867.17903852242
3517.325382183539
4427.0083630618365
1692.3138433554213
3393.7727213394037
262.6920522734238
636.7963011953043
3311.7709379829885
4365.569123224248
1520.3053390895943
2998.0717722239665
2922.3616609301635
4889.104924812249
4790.9741817227605
1913.0138346716174
4207.414136099862
348.61973400078847
3228.822694746841
4365.840231094651
4277.831205663493
1582.3572328376201
1423.900270109038
3016.828543203141
176.80682712720997
3387.753419739696
2663.5253644969102
1122.491589942499
2084.299014476288
2880.562892106383
1943.7575854363997
1543.7779523633894
1108.3761140344657
1870.6768627013494
3460.3954119786295
3694.988402876203
4086.6853765083392
1211.3261197223112
2173.1617272721314
533.1723305371988
1263.6725104701602
4028.561149528101
1307.2394785008785
3591.0842595102945
57.81853557257188
3844.3448688579006
1333.0856874716924
2616.3540069410833
4388.039553820287
2869.2896517430972
1048.452196601371
2595.3437432969736
4189.528988256678
160.0159343935348
2875.8044859079046
4812.234257507549
3816.7050360396584
3911.3034470441335
2383.836265341876
122.20451824930922
1004.558100046371
1884.653866527697
1343.534187937741
1802.138914628006
4939.57633305723
3862.5766155102074
4337.257072063946
2183.114758273323
2777.560288581925
61.85547699559035
1053.548971843976
1765.995812526308
3638.020171514494
4639.251900819781
4920.916692995657
1674.7765442497152
2703.4812455357414
3779.5395059858074
3660.556356836742
111.8916852317653
556.9089038559626
3368.4683627932545
3671.0255672153717
945.5263941730984
4301.592079521979
1922.1947617614271
2897.111540390347
2681.0336778333262
2325.2136677837343
269.9125171870337
980.6555215230201
3846.8839612714078
3793.462112296303
467.86663635132174
1042.8528553984352
1260.1440193063502
2088.4269108771264
2560.6226891536744
4405.552477977829
727.3010712417527
3443.150843956142
4099.41378194902
2923.3396311989873
483.32022362594597
2966.093948584194
3777.58064674575
3368.6941235278123
1075.141127696993
97.90014301886917
2149.5659317190925
4489.272271030956
1455.3921614260119
4297.736073639017
4162.619086037956
4939.369420626742
4767.920796188974
4417.608406434095
149.31416536067553
4276.878176906924
3678.8063200082997
1790.4461144573818
4004.177208852856
4612.56460496456
4134.845672283356
2531.3675591429856
4499.165310933251
2300.242701164229
3116.0697488006267
3931.437060666687
3080.436354678938
2264.43519416306
289.6700186597068
3109.34430296465
4032.7908519717253
2176.3670047925043
469.784343344678
3278.82670223236
598.3657298451217
4709.64511453702
3440.9126864937402
4088.286894204456
3492.6025901894664
3533.7351682968406
12.301916002870339
2493.9368514269513
1273.2102327932803
2536.356157810008
3136.460460935357
4538.938897017209
186.7854700492505
3005.1694177093514
547.0333514208243
1228.3909509209657
4442.951573352924
144.6462299289325
649.589418570345
3413.6403351032995
1347.319629236261
3355.75786041804
1333.4405440484786
1229.290239116418
4362.273157490568
4164.139268590427
1963.4364680019728
3162.3987691049306
958.521373507929
1546.6325130915543
2057.744900044133
3275.7494820344514
1070.5616118185728
1676.6289051547317
1060.951624187435
2455.7102379927874
1075.6373378760409
2785.381979115809
2181.38113811735
810.0738212354258
2478.4741899901956
919.4746124879422
4477.362330848606
3502.4124800515688
3903.0189621455957
3863.8782342017203
1249.2303578995268
1376.857933347313
4567.605270541748
3395.553867271485
4322.181461926252
700.8508560424609
2151.412548594213
334.2984875658494
2989.6607006161275
3233.289609474363
2847.7813000673095
2565.5505956887228
3227.7901301326465
3611.6383098168008
1443.8930356449603
3324.125712415422
2288.4095333964865
743.9367521405982
4466.517279528202
548.3613076120847
931.6260022491557
3490.2912418222263
4789.975227947374
3040.906019171817
368.3366368351676
3423.3018724439544
1615.1643338471683
505.39989600576763
3449.0095530753474
3868.0221464878055
397.4313990305128
2267.545906370429
4757.0802037253125
4739.422824305316
3126.2811273133357
3634.582990955154
2043.6376538245931
1918.9695850778571
341.3481501260357
4398.93065466195
1874.647401005054
3041.803299694703
2406.759074729858
949.7765842676631
452.77830523011653
3602.1481703931936
3859.953862763853
1820.6450734607404
1322.9695519509855
3226.9520079833846
1101.233850059981
1271.4848827336161
74.19505433969076
1816.3985016101458
296.74638773577453
1680.5763382962934
2209.454323959107
4004.813802533855
4130.313105250518
3104.5643784189024
4071.834420975203
3056.6193903599715
2958.4539099045264
2354.1826243579735
3086.5658357640104
1879.3728325164277
2998.15278922978
4328.7411510986985
2607.306176686896
4309.562204580305
1408.3594137645389
154.20686450710207
3339.463840090932
4206.7096792128
513.9126130583061
4877.716589125311
2654.1890943733406
3177.470230034795
964.5201618628357
2085.6176608659334
103.7327093269147
4943.792443036614
1321.6224179300673
3832.6394320806594
2102.1916761208213
467.8436583435408
4422.413542309017
1696.5588016730615
1045.2324605398899
2951.284895371361
3882.9901782670163
3605.7271235852313
4108.201259744167
737.6102329469536
2271.5401386891217
1326.0878851457808
4584.103106225475
3963.6519222260026
807.6832103401455
139.8176931223616
3901.25030377753
2529.9848068017627
3925.515937405881
299.48620984410314
394.9516986367668
3589.842728852507
675.6141009708772
4299.632510293563
1498.4335121674808
1292.298327519531
3735.184563013088
4871.919948989205
4265.25607353883
4957.834975305025
745.7616228943548
880.5319126747413
38.80515721046862
4213.076337249643
1804.280152714977
1971.2359230710113
2644.014549484473
866.3192317507356
1196.0593061784457
2910.5452055289775
692.2888836295909
2466.649924455831
877.1735859905622
40.67031181704151
3462.6734650375297
1556.8061412010836
2788.8814479922803
171.45506014189627
1350.6312522307867
2603.579624670131
1818.2319727087054
1532.2547001914265
1060.3639334557024
469.43750386572503
1106.6590438536355
2114.718740357846
2557.4291081121164
75.17330747527862
1452.3235569002995
2851.6980602665353
4295.47884044243
1595.7813238649942
1752.1559814425286
1598.0072644170996
384.26422978751987
4130.379850651049
2785.998051312048
3805.5274617612845
3175.6215017327277
3291.893932401254
2157.9374958225785
2118.143180785878
2209.9739658413014
4573.338856424583
3878.875640242419
4851.26831100986
587.9570433753795
4664.928967354646
1899.561562433642
2466.2180278264896
2610.090831187
2119.869887140837
2884.773957979093
1701.4459798323378
1961.998033235121
1896.5749450461717
4657.02459339793
3980.6726519438866
2813.4821909855846
341.1787558312801
3032.1052745101033
3082.187798678698
1946.8552403126887
3116.603029525866
1218.9930448256757
1824.118362064987
3433.2198377998775
3433.0661743892347
2563.07524473765
3697.210516520264
3434.9850876592836
1689.805431277413
4174.351518351603
2959.683622456092
1428.7132349962644
298.91759868157175
901.213403957129
697.9705254794355
514.4652342768491
4029.6065249846783
1185.5995233818162
4752.665118551502
3506.1347046015608
1684.7553637271212
3566.7684422109887
3210.760946843375
3181.828249905906
4301.627900562483
4988.62714800623
4373.264880313533
4414.170742408034
3354.6357108147286
4609.4978814864035
721.5354469028046
2897.487016013605
4630.487164670007
4513.401842309055
426.1963583634515
4842.127775787356
4544.671836944198
1578.3840335263922
2369.240085293857
4315.780587537947
673.1139793362362
2770.0965992853726
4482.937970906785
4877.426658765187
2183.961954931478
4297.807538604006
448.43541121703356
4771.6735154014805
3671.8631176629347
3395.1915508317975
1442.4179480150951
229.51470410490947
2620.707555127751
4969.71010225889
2671.988508336371
4356.138742707832
1350.7058253132652
4002.0800463302144
3895.909848104434
4677.227423536734
3841.798882689922
3371.276426494234
3994.617315491587
662.2565903466526
1267.781391167042
730.7103744758309
1921.9211948151788
3446.6315698484377
2424.152262558626
2167.668181779222
48.069345465002186
3534.0592371151647
1487.5896570571613
4640.793786086596
986.8559874908533
3476.380273616536
706.0787075199476
3609.3399045962874
488.7128448521544
1400.1543649218918
4686.106109197892
1843.111729431665
1877.232080597428
2777.6118310412303
916.9652005044038
133.46918259053984
1808.3258327862807
2024.1564428581826
3052.100318472471
513.4515029527408
2839.235489132315
2345.422227858804
4253.55088046711
2639.0314963484097
408.8611733242875
1753.9596559792387
2597.939260431973
4183.703199663076
351.39160953615135
328.9454517392959
4141.078070139469
1455.0515210693331
2991.969505712792
3601.8816603854043
1743.1570644838635
1954.6479304089294
1206.1366425024105
4417.068884175394
4167.600635766619
1271.5615924336598
2564.062992966346
737.7100470299719
284.07171729382674
2524.969939507931
4826.067381805667
4646.819053616181
2429.7295053622775
2552.7996987241286
4607.698769997078
3226.683638823591
1112.7306051554042
181.02256269625417
990.6542574183896
91.44552513942527
278.09854340035355
3202.1766231699257
4220.065237992397
2094.4383055402523
3298.4659791445724
2141.879858588082
4399.195983301616
4135.237053576037
4700.829975175649
498.54508285840814
1269.3507195793325
1050.9501289001012
1395.3412964912338
2904.2055399599053
3745.798202194861
4292.098930220384
4833.28199995945
4573.3005254364
1869.77758421925
2455.505416069532
2088.7700807782835
2481.469583199925
4232.157793298994
3774.9244206942994
4332.359239045547
947.8469142338874
726.0818426592647
354.73080373575385
544.5885896763558
1682.044477511206
3693.9330372561567
3272.790527950058
2603.6674284666983
900.956231709455
148.21964350344885
4675.713360778201
73.86292699653907
3820.7119764966164
3766.481863114004
2643.0101956692083
4119.793784788036
4685.555292620594
2787.082049087573
1906.2416592669163
4976.712446562693
3508.112350967093
3765.748855966068
3475.071074283824
1317.9938204580687
3864.469453634997
1392.0000080082095
3844.2006647896
2678.4305689734124
4412.66525471482
1210.082467644577
4733.493151141574
2815.5662978941023
284.6552089111659
140.81877807447242
2248.1498139626265
2521.1843744675216
4139.49692155479
4158.763518939461
4936.636149352134
4931.197657576293
459.45315826245724
3343.3260639661116
3471.1176144154706
4824.57375768702
620.9019485595629
1793.026994513413
578.4876184789429
750.5562309697278
378.3917355580946
3568.812192043655
3409.6409057580295
78.33161931007137
662.8715153171555
915.3564681002985
1750.4633294189614
2224.419100917774
2014.073519251398
2498.5454317543267
4350.084091224162
4380.44710969376
2542.2208762439514
2292.8351335606512
2170.251306416393
2037.6112125209338
4045.6762635751807
4053.9428349891
1544.2662177305926
3483.991276083726
798.8460013787096
2020.3326676228312
2074.730177230436
3237.0391128567135
568.5970822804098
601.218324477208
3596.428196559361
4065.9291029342767
2617.6395577334342
4329.309180421655
3683.9941057255937
857.100151900535
2809.7747919316053
4283.289035872806
1993.5726245100511
2081.196142056077
1444.6009122516857
3518.0193912179056
193.51390757045172
1030.7482191515994
118.21858586474887
1779.7213093439984
1361.2054057390083
4315.323535870507
4731.667479976554
3928.8954169369995
501.46799167082867
4324.497705140492
2750.276294934743
2045.4970000427898
3276.5122674311397
498.8916048916647
3954.8012416621136
3148.8926892676095
3128.271796700658
1285.646427046323
219.17163550399076
2829.3824345887415
2721.000077326669
4597.092338195087
1299.8611444447517
4858.577052682416
4035.3388065629492
4439.9994683705045
228.34366354622438
3022.680720197814
2504.634826902631
137.68427350257463
3660.791670782393
4005.736553293404
4300.103565030635
2228.374187607217
4458.1183941107065
4139.147610173687
2243.507715600509
690.6190253079758
844.6604126935009
3229.298243330936
4854.338320536429
1620.168904651229
3725.244352157717
476.8544263607716
4723.059896048188
2862.6213457985004
1128.0742286987172
709.3317602726107
1742.7943546608526
2392.274812077942
1284.8227218155978
3762.7774599652407
3728.898097978598
420.00454744672953
3559.5061126918504
868.9196701349872
1609.1986194591834
2311.6149983937457
4294.1640463347885
4330.895525951051
3677.231504528694
4403.001421141433
2652.0652951224233
603.6777123116033
3366.6390841093603
3709.588081481904
4708.102853594287
2134.577066821134
2626.9608692753623
344.89318653753986
2361.238198115231
4964.70474920586
3259.3665475480734
3186.701941216861
2125.2998870088736
2144.03874176105
1505.4531906712255
4959.216273217234
2492.1358569000568
2470.7440306731582
1773.048217475125
2435.675086725108
2355.0661106602665
4929.6551460688515
3630.0304362924358
908.330102641865
1930.7759879705477
1475.337625430546
2100.500551622976
4421.289396379054
1724.2361195908818
4481.902304653596
4857.205223779506
4516.624663658286
4343.931628308002
264.7541020792293
1119.9352833141368
405.2741874407345
3393.6253848536794
1568.7156648604484
941.6942978161413
2541.6511632980014
3242.0792572077494
4812.472243220776
92.74825061880153
4554.503975084396
3203.600566131608
2181.044152070621
4937.241629692948
366.45644553078114
4549.974860523903
4366.000093001416
3537.883945307005
4120.788871886401
3818.295347116264
1867.3805290463552
3721.2808984667863
226.40196376665367
1079.3910351346608
1291.8126803587916
989.8048421141436
4430.542557961807
2188.0021067934654
3008.0508518149954
3975.470260596837
4333.74863306726
4548.547132469744
2854.1883516049334
2597.098610778668
4172.605543490257
1599.271397537617
3330.042927786227
4204.129651355884
4013.289800723698
2042.7606587718433
3853.7247821927285
768.7537242339954
2722.506530395072
832.2501019561169
213.15615911458974
622.6125190694981
2212.312133792834
60.85450138396897
301.3172462557495
1325.134441997986
2491.4441025194374
4194.789308063098
1588.2525652426466
997.6420492171201
2998.166475984676
541.8492045629647
553.3786863997142
3860.687433028467
538.2671924739318
2452.854153081175
478.3922244536809
1771.6452323109345
2906.7303723908553
4516.472144649142
1584.084944646394
2275.4095642249345
4932.738826926368
926.7656696220955
1483.6319970467105
53.11367774654296
255.04196751391206
278.0151750252102
4320.42331865083
2682.1104972023313
2608.3620082901284
2272.8061767398262
3760.2712542504587
3305.0238197361755
4781.3886514680635
4217.071510360259
3215.8297039907347
2146.4983156654143
1693.050409189712
2719.7204475282415
1295.3238852709858
813.3479879687471
1226.1296010176186
3714.682787272611
1488.1914808205481
2967.1230553554183
2555.923594476457
1779.642444870495
2526.998779220599
2267.686046128172
1716.5350315301591
2738.4287472879455
4698.000548872263
3452.2055765865716
3058.510080472501
1702.9800432767738
2611.9701032324165
36.050896306478734
3068.922461350654
2035.9896224097436
1592.4361650399903
2400.3861670564147
4748.637834457228
4196.788161716854
2890.21797163337
2965.8373661786295
1371.3721713742666
2070.7133339023208
2391.159268068454
742.4224383629607
2985.2941457168545
3176.162241096428
3348.2214607793726
793.0069946646252
2460.30137901307
3093.7173238331843
939.5990994223874
50.86796093331347
232.73547699979858
3568.1824540307066
131.28497420736852
4491.518344704505
3154.1809112092474
2997.0590298730253
3405.5142891447517
3874.7636222354686
3012.1300845152396
2437.941511886855
1405.7789813854222
4145.03658821762
4357.673262390648
4842.502401461396
2444.6091040220454
4106.371476597281
4249.012636960098
4956.18485487393
1122.0765444974884
2172.951358572449
3399.4746671812854
2210.415771687986
2010.9852014723772
836.9848223907688
4004.8339569879845
3978.097021474446
1478.966842808539
992.7345667286536
4217.141750143275
1763.3288182736667
4238.212603959709
408.8428965483265
2830.885003846632
3252.7633182723825
1140.3272953112053
450.67078990924324
252.18504708668266
3668.6824751380173
1066.7984119577006
2620.1832888696586
3232.8791519199303
532.840102184003
2504.8351559234848
1602.9897310432727
1168.7085073605435
1775.3015023413404
4543.835666414963
4290.462589501484
984.4711015901098
3103.962684387592
2579.499697650927
4679.432948055002
758.8792460654087
1688.1214524724248
970.6146412883354
2642.7774407262496
4277.995918362677
4503.424205211401
3257.7962697647827
311.2861021263885
4648.5057242780895
1135.7014921564996
323.9760341166703
3210.5155751193206
4950.708287556054
2447.6553460926557
3053.184499249529
4355.907694663031
2666.008067435405
3275.053885432056
3627.1876273965954
3225.2696445102406
2274.8029845540373
4238.036104451448
3588.7900206731947
2899.78528132013
1988.0602273366387
4828.32200745293
2196.1278002875247
2693.0445766475314
1049.4992928791569
2164.572664089145
394.0326390332544
272.1515111759898
3425.1856490018413
2195.836912953343
3936.5533283351724
1615.7890660813257
1983.4691407392202
2676.9675694699595
3808.981613583114
4151.189750063819
4460.588494778572
4940.085855301319
3118.236527121478
3065.283612543961
3605.890458959352
4342.617763864361
2047.2183967416602
3094.861598896456
3905.500038024548
2285.1212532091618
1301.7508539108196
3066.4158996073375
1194.4076543672732
861.0688859774857
4717.990310058613
3078.3877423754284
4284.323284587186
4525.944208731567
3343.6858881282037
4496.873505458454
4458.280366267999
1654.459230201208
1358.4335914400986
870.4113469279928
4312.855471660395
2492.3908873555183
3656.0751633289506
3460.2877560570987
1965.0006491892636
3803.4833669879026
776.6497053891242
3329.879131300981
82.87116696348518
4462.056348100306
4145.815350056869
2839.857706688706
1548.6612023970747
348.4067795748552
3256.413760247299
2955.666683698992
4816.34543155804
1166.783426626654
1509.8601504917403
3989.4861622783055
2188.355199144625
1224.6634879612272
3924.298514410551
1270.9831116428322
3302.601073099214
787.2512220203726
2811.9691551695314
3769.4599634811484
4094.8894048313955
4352.5673830671885
1829.9940448509788
2874.584317897676
3381.65747843344
2080.1920195953476
4516.793271789726
383.7044745120577
4994.090876265362
650.667938125497
540.6036169382622
4240.826300609452
3087.0654621209596
32.769374989023994
1407.0773116693208
2725.643717418145
1844.9898625277033
2992.283292662248
2299.6986228604833
2600.59071397826
3311.508637280296
4688.648166299047
3059.761828145609
4189.698212172405
3481.158491827779
374.7396997364194
4051.9131648906896
1485.1126347441025
2108.450641685349
40.2871416129591
1806.765947327294
3155.451408499265
913.4888706761401
4820.850816082672
4883.858878371973
764.7426590550443
2993.1127860786955
1131.9865195660366
2356.229895481884
3601.5150179232005
3282.689322946588
4782.1660120915685
682.1422470480237
264.6744298330572
856.0600047685357
3768.2209840146647
4500.001608415023
556.1262553669261
3699.780942291816
63.52062247809987
3059.2648938532247
2289.6686388734806
352.67896766771446
2471.7897736435657
1583.1466859232512
1341.506814502552
462.876948026858
4538.418841941713
848.1888390189324
4639.804790057887
2881.8277612112875
3586.3143193529736
3661.2640277661885
4819.01490980159
388.5242984829568
4174.77946720683
3716.3468733338723
1949.292103192385
4516.940438517504
1667.616061566658
521.3867495157565
2092.123152466503
2245.8891951293085
4140.577685691518
3699.8811187494875
4430.370807598261
3502.8643933654753
3558.5044905249556
992.2521675916562
3374.251022739414
4532.069470491084
8.912478893972619
1708.8884713049517
4354.335093208289
2181.7162052872777
791.5068123579122
1219.7201165645888
1978.4857115990278
3076.8118796295835
4332.032058433516
2304.456780873647
1851.7086330194559
4461.032681001964
2214.0715564297693
833.1208175861199
2636.220504123311
214.91866657034564
1103.8476106409057
1298.271096005169
2863.604205425785
1187.5024787189093
4980.775850369276
2178.3153980756965
2601.743695218035
3514.6233998489242
1880.4669853237126
1975.5724500072447
3326.2993361103704
2039.5556738373211
3307.0684920125386
4043.247934590824
249.80769427646098
3300.216015464694
3578.280504499612
1992.2495223700193
4921.057066581606
3802.0961682815964
629.0802210535206
2551.7723797812287
2123.2111232057464
4457.201270990438
4219.128179790452
4246.8453164009525
3971.2262649772288
1136.6552333219292
2064.0318667656925
3151.534102169786
637.4233781208544
4258.269021759057
4142.081296580912
1278.2590009082774
1318.6498039101996
2210.2494117392225
315.77188634865416
3871.687574268792
899.2848689234662
4198.359219023547
1451.369404521053
3989.9253920773913
2261.41356811682
2796.2226710585296
4419.9747525741905
1276.2327317420907
1346.8129658602236
77.10216442705587
1719.9823569682098
1751.252931183277
1884.96688910819
3710.355400410733
1973.5308484688119
1788.7492666945343
4167.144296827506
816.9158403449861
3218.481158409441
2177.099765809803
2368.6459167221924
2695.519956482169
1742.6600355124021
2314.3116385696267
2699.6470380486417
2755.0406641714244
188.54677817224663
136.0727762796199
99.6310835706521
3118.1653883648114
4794.279292319699
334.3654440942334
4281.2316439695
2397.794268422836
2930.7996836363986
1788.4268080326106
1676.36961348531
3089.9121271009026
3545.1558824790764
4900.34602985315
3240.8928021815773
1875.3260214319605
4726.419512024901
704.3483183572586
4133.495161279835
4877.537071813379
4373.377454343734
1201.8218888304739
0.5143002210999947
2585.153704240323
1862.098416297901
4363.403194157402
970.2746781147448
714.6316836082178
686.6710157375055
2634.942346143147
3488.966200039076
3762.76298978487
4277.857764997875
585.9299316735872
1814.6149250585886
2378.2137799103716
4592.100062954908
546.9720380507337
326.52783238306006
3967.5512831703886
607.2596081544557
4697.1608778208165
4804.658691879357
3143.5735170039584
1561.6731853750698
3082.693514859025
486.6660441384851
4722.397127916747
2629.5447870184903
4474.850973175491
2020.0033299239867
1980.6358553131936
3738.3945054033425
808.4576778338165
392.20075800708685
1795.1361036732699
403.22816841111666
1181.196286491389
4544.571246337989
1105.1210010231061
3777.28700263314
3039.6657276753517
652.8891774683399
860.2246065538155
600.683142227788
1229.823159134884
4993.165601782431
4247.782101091398
2365.9203857934326
47.46132884138221
1901.4597650788562
528.8737414364464
1813.2458256301077
4288.629914043143
1583.7401510951372
4255.004330206595
3818.974449615715
2570.416331993209
3435.126619250504
1985.9322214367792
1846.3704791660673
4869.261388801944
4087.416506306231
4884.043566409655
391.36969194459914
1306.9899136926626
619.6169794370265
721.8025528085703
3274.3675096741213
703.9979866765334
3238.2786927774796
2906.188905692899
2204.4957184439013
314.5428737495526
3262.74125552412
2097.6691397102877
4774.255527958785
2460.841032561198
1434.9774955645812
2881.1276965811653
930.0690239578752
4490.68884924558
3414.5383486056617
3732.3209852164114
2008.2579047706201
597.5746748177385
3816.1740569899384
3215.7958176400375
1626.1518327194485
2562.7628817826653
2301.026515757805
3948.850044450903
3074.4761498950584
1405.5860827156257
41.856451870844744
3370.9943003547255
3369.8622826134965
3261.188687199738
2348.5924342349253
1769.50615533514
4795.270222606805
544.2258568246677
3362.5573975390316
3329.0528969089955
581.3081199747738
3602.52636815754
1506.0468923068893
196.9895655748588
2362.878284558783
3616.488204151675
4808.507830924877
2685.822626630295
3183.274972439482
4457.98173257099
3321.382109094527
770.463657759039
1111.8056680862353
4586.794322740988
1580.7543980835203
2980.277863377565
4991.1995409378505
4833.157877954456
2480.258775346642
3634.567214814634
437.5161297884927
4091.6578397251965
4976.274359090378
3125.009662361768
977.9602312099283
2534.830912464657
1763.2556940999627
3609.708864942977
1130.9544545638605
944.0159338104204
4429.117928087174
4050.891745492374
308.0162737371278
150.5308079826567
2628.9132796621484
4001.924501144998
3648.433815236274
1382.0055449760398
499.60987502533584
4929.199539888249
3285.425207515588
1516.7090697551532
2879.6005528566693
1140.579010609471
1086.4175117426994
1862.967073027438
893.6413402104432
4584.464470957141
1610.2718254735782
101.27306309655415
1117.2399084548251
3882.192997312709
1880.7277127089817
2453.455824598404
4844.083501930083
2961.3443889699474
2588.038941246743
1976.2705070642612
3945.917392835673
3568.6769879439303
3499.710488106993
4116.043572988881
2436.3536384868344
3758.7910266823483
4186.451026203745
2306.5031187918976
3128.4122090055785
1178.2530966995553
4650.891059672372
4443.6906766992015
1710.1652621716735
594.7964472641903
4084.3222312760986
529.8525086109812
1153.6760554916864
4657.346154772909
4770.647924476368
2642.4704132413335
2619.494617385938
314.9991938246849
2106.940475784104
655.0980174509091
4922.293147767514
671.7249878877607
816.438772502699
813.4260113412095
3182.792351973617
3308.43131748283
1692.5179629726817
4353.009112360034
3506.952534553323
1265.1762574840898
2631.1090515442133
4834.343416470048
4405.473436283083
1943.688373628552
2284.2396926903007
766.4925904312458
2194.9637439139924
2163.9901705471166
4398.813902348981
4392.218149403274
1806.7171565051503
4488.8024084839635
792.442528846094
3215.576052134828
1269.8472597383532
715.5411814931384
962.0852486531888
2967.201267148809
2632.6058982169443
3128.100062863152
1521.4532255815777
4223.009719734268
4239.031049787205
2699.24436946061
4019.575547341425
4818.801854620774
4087.6368191055435
939.3268955740753
205.6196461727222
1536.2661618897332
1464.6840871004397
3498.167373417461
4474.008157979473
2275.129901560366
4166.635164053778
3944.3188985209845
4049.0645099213566
4071.7215274939017
1404.718644744034
369.58180943564787
3449.8678858698813
2875.960010565085
2919.102911780216
596.5027157328834
913.6938521419896
2956.7969185223046
2920.991746893798
3802.7332702329654
750.3596834715531
2170.396698737164
3228.031990503468
2318.505501123549
2049.9908363546333
4095.8430951609253
3361.738115030171
2202.1109628595855
773.1703681852354
4219.923862227811
1435.213777418969
4953.156635013771
4015.126694007788
4935.549042891261
3375.265178505482
384.50111377125563
2154.5621236571196
3107.6175643132947
4395.077583978347
2241.1604088290915
1672.9195426008757
4355.655471380129
661.9412589121654
3628.100838576977
3661.3292525882457
4.305498590463364
789.0868987802246
3688.7240214191734
420.1731183005952
860.7555257408661
1121.5089503765569
261.9788036243603
100.15100876836658
1592.4536662851174
782.726946879298
438.41906508950035
2033.9254661153493
498.96188011514243
2102.754171907414
2034.1591159401673
3263.8700764238974
1898.5603782582805
4357.113417656745
4006.559838963165
4784.139884492518
2183.2235744762247
3712.561982601215
2746.6137628608594
4184.228220747008
834.8409891773084
4897.253796643342
4000.3785676614943
4706.369322242727
4341.073440983556
391.39213177788014
1895.4414907338607
4210.5919186980445
4000.9822450910897
868.9933513595998
2178.2800061044936
1178.924475746239
3068.585792752079
1212.2028643986582
1304.5175872076086
3684.196476463193
4546.749689129184
4666.67612623013
1466.4549496263269
1199.0781627029874
3214.3278663222936
3609.8564381275605
3990.8921957207676
3227.4427465111767
4146.228086898321
3963.5522143255675
4795.135614494547
3002.835959611096
69.08442992413555
1498.036921297758
750.2223345138309
3917.775509424447
1384.4758203516205
2146.9638589105607
4867.772594292806
922.8060145115313
587.138117498115
4980.711157694012
1200.5154350380142
3865.675659044799
2107.375856660081
670.3391566066435
2226.416469014476
4628.696792837891
4314.88560837195
115.16462225254487
2272.467821198219
4966.298571617234
2535.463309539083
2404.027442517517
226.58358606238272
2144.976748243212
452.5724733264452
3433.642941830715
3384.678589261076
4844.286736905585
2192.511715271754
1317.0056879191127
1784.887786150489
2290.2255330595444
3724.925428591449
2180.6309914124136
3792.0201119435774
261.29167691982593
4949.658301652248
71.48756942325751
4012.720163753038
3432.7075737654172
2986.46649488628
2472.8002281428526
3845.4464833300804
4505.733863527944
2735.850409343682
3362.4666636327984
3099.2567351989296
1706.7015376717748
2737.2870952402905
3838.6559127883197
3151.5215379151123
2534.332643107148
2715.3939026673484
1084.2256869673151
3057.0764393329764
3084.1139457511845
3975.065806396985
4844.915067279094
4869.946829097193
3884.937375451784
4983.385021512756
1655.8412602734213
3193.6704986818
4945.910569579616
2059.1095484238313
766.646780678203
1637.371759214647
4630.191832345654
4079.806325120638
2087.717198232976
422.1230701015161
4047.895692707833
512.2000274331012
508.20574948710725
4855.766581724754
891.5611631180398
3873.069185256843
2621.176436482554
3774.246634283668
4025.3709745336473
936.0268179107184
1231.991148918733
333.63975981204385
2683.2548509485437
1613.782473700861
23.14403766395079
4729.451717820418
1831.204630291429
465.9880427416868
402.0604917031445
4518.380588291596
3105.575526033595
3209.530385854655
4867.950905031327
3222.6330188480574
3751.842553471406
4441.13947863552
1199.631502378853
1808.0083768286636
4157.225457504898
3021.4390081426386
4388.290533076072
444.352237774997
2895.7931001135403
3215.0747959267
3517.5022969343954
4680.610330686241
1686.1014470294533
2733.3142357323386
3727.360323693031
796.6003919184539
1299.115410402061
3283.516307590351
3990.4208468435236
4629.748048664502
3248.1102812575396
94.1317285807819
4674.218046462742
1617.4195057740649
1042.4439928338281
4154.398899195271
4768.435693739272
3144.114588179238
3893.5352797837822
4584.659910461306
2214.3842637681682
537.6655244200712
24.080377709183587
3636.2280420035286
1990.2594525637824
3219.7236190179997
1150.484866441897
3308.9974812868027
477.72349724184704
1583.193198597067
4283.6819202623465
470.49199048843747
1163.6742754714362
3142.911013846276
1724.9556750020845
1661.8073042008552
915.633950433567
2385.7455712759233
21.081279641930738
4483.912009459485
2910.0136827957012
532.4313283250054
3687.040409286518
4572.026386866347
1789.5773348486825
1115.8272123800512
4704.765499218647
686.3086086505399
3779.749225552084
878.9293326471875
4162.811292391263
373.8350477687985
4302.981333709111
3000.844315762355
2914.5476556372287
4989.868114247649
3096.214932924382
1070.0678925149432
3801.412566032631
605.665396745933
1958.5432331019676
2541.791587413998
3812.961156929622
475.5883375237263
3034.499760093064
4639.59530434411
536.8897082095369
288.0299481336612
972.9696018007817
3791.768480211792
3389.909098312955
4382.686068181605
392.54035655362287
1728.6299181977383
1414.2907300979457
4480.95366223673
831.179394584245
2309.604741434235
875.0981971957633
2246.747872034672
4761.444184019219
2997.4466806046003
2499.5674066334695
3171.7874395465046
312.0049505555117
3651.876897030428
4962.790945361794
1862.4035306123972
4052.0751922967424
2976.04495813311
3142.809231247893
2794.1884123237837
567.4204592082799
4516.597911298989
1743.404643038101
996.3058747470433
4584.932715529959
4591.77925639162
2114.3417117589074
3929.0438286233393
3087.3291992459044
3901.8593735340983
2486.490915563835
4026.1963124759714
4200.355536428568
2862.3342442351372
4383.219078416899
988.1231655729089
1631.9415443384867
2892.70975414741
669.6250106658141
3931.837977923594
3096.081147577463
1992.3252880675213
3557.643505395815
931.2388805149152
3463.774184007403
2939.5477465468352
3897.737471228875
2313.598818982507
3349.19308876761
1361.8059432720959
1256.8416990429148
4317.695556693369
1461.302591075132
3741.3133059583442
2607.4187109129066
1364.4632349495084
4329.485905155088
2144.9628253487695
933.9307679099196
3242.8108695793585
4946.296997605328
3096.7578974163152
3700.728528711013
2971.2566308456944
2461.280791454238
2547.2803136189864
4919.303222051977
1960.2879442530652
3306.8744695645337
2337.0732486001916
3503.040307489746
1370.8618348524587
40.72083367208879
899.4556963411143
4704.064245962767
2241.2215986131473
2748.2967088311416
2203.1629882165125
689.4528639284308
2037.20977118874
4065.5799194184037
2096.345533716953
733.0505338386046
1770.5186016249647
2753.546508059124
280.835012740871
1074.3003281978692
724.824787724549
2284.6140420340134
4119.225747530026
4226.963794286975
131.51388258493824
85.71237526341535
2357.198254413687
2408.2910463915996
2844.7073659322546
4923.487914731746
2629.6452825737692
4803.148399436868
3179.564049958331
4414.214588910617
1311.5447107895134
3577.807783948034
4598.333532136471
1794.307296373297
2873.1556623457554
3914.5461738076383
2855.399000927737
896.9018651057676
3403.996422673131
3850.899142742475
3545.5537349169285
745.7884177073054
4381.1971409828375
376.35783514665565
739.0130174624737
1300.0514133711033
3075.2009802040643
4064.494358328624
2532.1718859825764
4661.095990026168
209.42291709658335
499.9440453395787
4894.876688839716
1488.3027919533747
3620.354908646667
2897.372619354375
2152.9854294732563
460.3812223197623
3700.742446760025
1603.4956953622232
809.2511681862575
4366.55710980982
2350.837284301585
2623.418367826354
3176.0688133878275
4815.050323055236
2011.365656581194
3919.0061216075255
3470.385395166604
3605.8732900609743
106.73423594736332
4989.692343890591
1604.0799242434655
2530.795247937144
1888.1277902628806
2165.0753618443287
3892.377904144978
4735.391638208823
1233.5358999170503
4113.851882713439
298.37264097599683
4806.4181010996845
4435.379111022788
4305.078663853742
4633.484483246284
1432.3161691381385
1386.2872665295113
4545.45063691207
2341.695031933076
825.4806158091837
1859.7167718347978
1260.2292432410954
109.65311737912764
1091.9884321440154
1774.4733311403193
3885.647693092872
2565.255941188136
2387.8084457479226
430.84378367071463
2597.068360286009
3754.066921852363
10.081792058953543
4710.9204718196825
609.8602420076982
4915.939897808858
2537.8841143961918
146.83399557799459
4458.911855511824
323.4766114069787
4758.949166492811
1577.9962178087042
3987.888019999856
4589.45253551454
397.1569007204162
2842.0847757702895
2260.7862510898303
2902.104142617381
2590.154481110584
574.3855682182303
4246.0429734446225
105.17738767867935
657.3041419836006
1726.239846592093
1917.3844890821078
403.8977706322744
4945.21953910974
2855.7294896415806
2365.814412765847
1748.5252392827892
2441.471747598203
1592.361913624649
4623.572960775187
2623.921313049186
4406.618317708491
1932.4028208228217
163.60053728311397
4056.5574595712906
3490.5282930789604
182.63668497764507
1456.981201959965
1139.6568560644582
1671.0469232867592
2437.7152386480184
2546.0390934155307
1272.6646832780086
1881.3617173615971
2449.891460059628
322.20527511073516
613.0044780037169
377.0056510866759
629.8159036153166
85.4663711159781
946.0817053805948
3734.251167152674
703.2058978110628
4006.155878042627
1293.7575920752952
3868.7185871466513
240.5824960719366
1310.037487326407
2102.0199945062877
1616.3446134513442
4875.899745567771
4364.083429346111
4775.338414774183
4228.426267053269
3534.777235777791
353.038465179612
658.1993977504952
4598.273927091507
3404.1767404135276
3905.810313361116
1303.5710069389977
159.08133678630531
3692.7489197031823
1855.921381357446
1013.5598832380643
2170.937703168995
1454.706595716009
2301.7011566319875
3189.276505648258
1549.4772540643964
879.965396012532
1269.5939471476659
3984.934706924216
479.4849740655094
4489.426184602914
1577.9044105967766
125.4700428681077
4803.843216469207
616.6537582551612
4948.494460333247
2517.4661852411227
581.5286480707066
1405.8412742789312
20.39458508308778
3459.9407280352284
4267.935168491115
4310.83338552022
681.9844247789352
2844.545422834216
4686.622074084489
2741.1100346990534
1057.3465819717114
2723.996462914158
1333.6549934400678
3068.0209379690486
557.5881729740423
23.057288752906246
2584.028500723479
678.1891912111976
4639.374714602826
3968.154183601794
4054.2285991814
2140.888000406601
4300.613017742052
3019.711953086896
1715.815451956289
3842.325199523617
4887.165962387962
705.5576332944274
1351.97429583512
4632.155214423895
2484.6790821115333
774.2436441134221
602.305240454824
1126.1697107352236
4026.0399344437888
4513.9034469546
2150.6926586861778
4314.000648793789
257.69207278859784
1915.2588692691818
1576.9122624287972
31.80315764754027
3876.965948527682
3596.655975112501
1014.7098332377747
3677.2677015152512
3477.787885455082
2054.5144992419605
37.39922645326021
1267.9452458086555
2423.569736344055
3854.3339748720664
3126.6040227920143
4573.749426371678
403.78286612624106
3835.4070271731284
3670.5823267570004
2590.6352491853218
4224.658728638177
3266.648440516532
2685.6479723067177
64.8343166280807
3334.6589520682523
1161.455376669902
1357.5188173331987
1125.6622722709853
4691.800182032902
1636.27473903649
58.99767320044214
2339.792487642372
842.6159146344925
280.55681973208345
2716.2050229363444
4661.028266767182
4501.480840254728
3995.0379876990637
4267.659544060982
2816.984199024633
2494.2218274189354
1650.7978194986279
488.81902563775725
3647.722586288666
1661.3805663123421
2223.295844809654
3639.265231595214
1791.2724520872996
4204.192827245647
2763.6028234387395
4230.537515866942
1897.0921710813277
0.2909852069765684
683.2962724274444
3709.6887082142366
1240.919852333716
3616.3334776572387
3349.998761326417
6.959146713063635
213.08640697356662
4101.210642415149
2917.2961930725683
2705.533357728474
657.2522550389621
1156.16936121479
645.7801735211938
2057.164439207317
3447.6587761463334
1947.1476059643933
2711.217071817095
1189.5227197183006
2010.36897388846
3649.802204443736
3641.352984664323
3629.4440930727405
2717.6066908753987
2799.1603095374235
4074.6231595332306
3700.8247819761345
1214.1823314985934
3653.5197950375746
1492.0412150138036
446.7280975951282
771.130845520081
4076.1690917943342
937.8012971644106
1472.342411251371
4704.0665925551675
3888.692000982263
2514.635203321034
1508.744628628077
4742.3943975778175
2256.0690430837767
3616.723136662401
1556.999550923781
990.3985741061961
2426.482431751256
1445.9644041266956
3187.9413126503227
1782.3643934130012
4067.674491317243
346.6736330921771
3945.055440560625
3301.2695639629173
516.9094726727346
3889.2748607476783
3826.2006378561255
4304.215637720747
493.0283086276982